number of bits in single message chunk: 8
number of message chunks: 1
---ENCRYPT---
69 3
79 4
95 5
127 6
116 7
130 8
181 9
195 10
211 11
220 12
230 13
253 14
288 15
272 16
313 17
295 18
348 19
345 20
375 21
415 22
411 23
439 24
457 25
475 26
477 27
516 28
527 29
549 30
565 31
562 32
---DECRYPT---
66 3
60 4
104 5
111 6
129 7
155 8
173 9
193 10
185 11
229 12
237 13
245 14
282 15
278 16
317 17
325 18
361 19
367 20
379 21
387 22
415 23
433 24
456 25
454 26
495 27
538 28
494 29
540 30
559 31
567 32
---KEYGEN---
7281979 3
402797 4
113698 5
89511 6
76946 7
76765 8
75934 9
89058 10
131930 11
95111 12
94511 13
97897 14
103483 15
108432 16
115300 17
120062 18
123164 19
130639 20
135129 21
144836 22
149847 23
155364 24
160537 25
167380 26
173145 27
181135 28
186014 29
190388 30
196983 31
204898 32
